Classification Report
              precision    recall  f1-score   support

           0       0.00      0.00      0.00        31
           1       0.03      0.03      0.03        37
           2       0.00      0.00      0.00        51
           3       0.00      0.00      0.00        30
           4       0.00      0.00      0.00        43
           5       0.00      0.00      0.00        38
           6       0.00      0.00      0.00        40
           7       0.00      0.00      0.00        35
           8       0.00      0.00      0.00        35
           9       0.00      0.00      0.00        48
          10       0.03      0.03      0.03        35
          11       0.07      0.10      0.08        39
          12       0.00      0.00      0.00        38
          13       0.00      0.00      0.00        35
          14       0.00      0.00      0.00        32
          15       0.04      0.03      0.03        31
          16       0.03      0.03      0.03        32
          17       0.00      0.00      0.00        30
          18       0.00      0.00      0.00        31
          19       0.00      0.00      0.00        44
          20       0.00      0.00      0.00        37
          21       0.07      0.03      0.04        38
          22       0.00      0.00      0.00        38
          23       0.02      0.03      0.02        40
          24       0.00      0.00      0.00        31
          25       0.00      0.00      0.00        40
          26       0.00      0.00      0.00        47
          27       0.04      0.03      0.04        32
          28       0.02      0.03      0.02        31
          29       0.00      0.00      0.00        33
          30       0.00      0.00      0.00        37
          31       0.04      0.03      0.03        35
          32       0.00      0.00      0.00        36
          33       0.00      0.00      0.00        34
          34       0.02      0.03      0.02        35
          35       0.03      0.03      0.03        37
          36       0.11      0.06      0.08        33
          37       0.00      0.00      0.00        32
          38       0.00      0.00      0.00        40
          39       0.00      0.00      0.00        41
          40       0.00      0.00      0.00        41
          41       0.00      0.00      0.00        40
          42       0.03      0.05      0.04        40
          43       0.00      0.00      0.00        36
          44       0.03      0.03      0.03        37
          45       0.00      0.00      0.00        31
          46       0.03      0.03      0.03        32
          47       0.00      0.00      0.00        31
          48       0.00      0.00      0.00        32
          49       0.00      0.00      0.00        42
          50       0.00      0.00      0.00        37
          51       0.06      0.06      0.06        32
          52       0.00      0.00      0.00        34
          53       0.00      0.00      0.00        38
          54       0.00      0.00      0.00        31
          55       0.00      0.00      0.00        31
          56       0.00      0.00      0.00        30
          57       0.00      0.00      0.00        35
          58       0.00      0.00      0.00        34
          59       0.00      0.00      0.00        31
          60       0.00      0.00      0.00        31
          61       0.00      0.00      0.00        33
          62       0.00      0.00      0.00        31
          63       0.03      0.03      0.03        31
          64       0.00      0.00      0.00        31
          65       0.02      0.03      0.03        30
          66       0.00      0.00      0.00        32
          67       0.02      0.03      0.03        30
          68       0.00      0.00      0.00        32
          69       0.00      0.00      0.00        31
          70       0.00      0.00      0.00        30
          71       0.00      0.00      0.00        30
          72       0.03      0.03      0.03        31
          73       0.00      0.00      0.00        30
          74       0.00      0.00      0.00        30
          75       0.00      0.00      0.00        31
          76       0.03      0.03      0.03        31
          77       0.00      0.00      0.00        31
          78       0.03      0.03      0.03        34
          79       0.00      0.00      0.00        32
          80       0.00      0.00      0.00        31
          81       0.02      0.03      0.03        30
          82       0.00      0.00      0.00        30
          83       0.02      0.03      0.03        31
          84       0.00      0.00      0.00        31
          85       0.00      0.00      0.00        30
          86       0.00      0.00      0.00        37
          87       0.00      0.00      0.00        34
          88       0.00      0.00      0.00        44
          89       0.00      0.00      0.00        31
          90       0.00      0.00      0.00        41
          91       0.00      0.00      0.00        31
          92       0.00      0.00      0.00        32
          93       0.00      0.00      0.00        31
          94       0.00      0.00      0.00        32
          95       0.00      0.00      0.00        32
          96       0.00      0.00      0.00        34
          97       0.00      0.00      0.00        30
          98       0.00      0.00      0.00        36
          99       0.00      0.00      0.00        39
         100       0.00      0.00      0.00        30
         101       0.00      0.00      0.00        42
         102       0.00      0.00      0.00        40
         103       0.02      0.02      0.02        42
         104       0.03      0.03      0.03        39
         105       0.04      0.02      0.03        43
         106       0.00      0.00      0.00        44
         107       0.03      0.02      0.02        44
         108       0.05      0.05      0.05        40
         109       0.00      0.00      0.00        32
         110       0.00      0.00      0.00        31
         111       0.00      0.00      0.00        37
         112       0.00      0.00      0.00        31
         113       0.00      0.00      0.00        31
         114       0.00      0.00      0.00        31
         115       0.00      0.00      0.00        32
         116       0.00      0.00      0.00        31
         117       0.00      0.00      0.00        32
         118       0.00      0.00      0.00        30
         119       0.04      0.03      0.03        34

    accuracy                           0.01      4162
   macro avg       0.01      0.01      0.01      4162
weighted avg       0.01      0.01      0.01      4162