Found 16418 images belonging to 120 classes.
Found 4162 images belonging to 120 classes.
Epoch 1/10
513/513 [==============================] - 6725s 13s/step - loss: 1.7780 - accuracy: 0.5591 - val_loss: 6.4556e-04 - val_accuracy: 
0.8457
Epoch 2/10
513/513 [==============================] - 6337s 12s/step - loss: 1.2318 - accuracy: 0.6642 - val_loss: 1.0336 - val_accuracy: 0.8424
Epoch 3/10
513/513 [==============================] - 6345s 12s/step - loss: 1.0899 - accuracy: 0.6981 - val_loss: 2.4636 - val_accuracy: 0.8593
Epoch 4/10
513/513 [==============================] - 6443s 13s/step - loss: 1.0088 - accuracy: 0.7154 - val_loss: 0.8407 - val_accuracy: 0.87513/513 [==============================] - 6443s 13s/step - loss: 1.0088 - accuracy: 0.7154 - val_loss: 0.8407 - val_accuracy: 0.8709
Epoch 5/10
513/513 [==============================] - 6338s 12s/step - loss: 0.9049 - accuracy: 0.7370 - val_loss: 2.7041 - val_accuracy: 0.8489
Epoch 6/10
513/513 [==============================] - 6336s 12s/step - loss: 0.8658 - accuracy: 0.7511 - val_loss: 3.5181 - val_accuracy: 0.8688
Epoch 7/10
513/513 [==============================] - 6331s 12s/step - loss: 0.8151 - accuracy: 0.7594 - val_loss: 0.7748 - val_accuracy: 0.8678
Epoch 8/10
513/513 [==============================] - 6388s 12s/step - loss: 0.7886 - accuracy: 0.7652 - val_loss: 0.5333 - val_accuracy: 0.8596
Epoch 9/10
513/513 [==============================] - 6418s 13s/step - loss: 0.7455 - accuracy: 0.7810 - val_loss: 0.0881 - val_accuracy: 0.8659
Epoch 10/10
513/513 [==============================] - 6388s 12s/step - loss: 0.7147 - accuracy: 0.7843 - val_loss: 0.8004 - val_accuracy: 0.8598

Classification Report
              precision    recall  f1-score   support

           0       0.92      0.74      0.82        31
           1       0.94      0.86      0.90        37
           2       0.98      0.90      0.94        51
           3       0.85      0.93      0.89        30
           4       0.92      0.79      0.85        43
           5       0.95      0.95      0.95        38
           6       0.89      0.97      0.93        40
           7       0.86      0.71      0.78        35
           8       0.74      0.71      0.72        35
           9       0.98      0.98      0.98        48
          10       0.92      1.00      0.96        35
          11       0.89      0.82      0.85        39
          12       0.97      0.95      0.96        38
          13       0.89      0.91      0.90        35
          14       0.91      0.94      0.92        32
          15       0.88      0.71      0.79        31
          16       0.69      0.91      0.78        32
          17       0.94      0.50      0.65        30
          18       0.97      0.90      0.93        31
          19       0.79      0.93      0.85        44
          20       0.97      0.89      0.93        37
          21       0.97      0.84      0.90        38
          22       1.00      0.76      0.87        38
          23       0.97      0.95      0.96        40
          24       0.90      0.84      0.87        31
          25       0.97      0.95      0.96        40
          26       0.89      0.85      0.87        47
          27       1.00      0.69      0.81        32
          28       0.68      0.81      0.74        31
          29       0.72      0.64      0.68        33
          30       1.00      0.92      0.96        37
          31       0.86      0.91      0.89        35
          32       0.97      0.94      0.96        36
          33       0.91      0.88      0.90        34
          34       0.74      0.83      0.78        35
          35       0.91      0.86      0.89        37
          36       1.00      0.33      0.50        33
          37       0.63      0.81      0.71        32
          38       0.76      0.72      0.74        40
          39       0.97      0.90      0.94        41
          40       0.93      0.95      0.94        41
          41       0.86      0.90      0.88        40
          42       0.91      0.78      0.84        40
          43       0.87      0.94      0.91        36
          44       0.90      1.00      0.95        37
          45       0.87      0.65      0.74        31
          46       0.96      0.72      0.82        32
          47       0.59      0.94      0.72        31
          48       1.00      0.94      0.97        32
          49       0.70      0.90      0.79        42
          50       0.53      0.95      0.68        37
          51       0.91      0.91      0.91        32
          52       0.86      0.94      0.90        34
          53       0.77      0.71      0.74        38
          54       0.96      0.87      0.92        31
          55       0.94      0.97      0.95        31
          56       0.83      0.97      0.89        30
          57       0.89      0.97      0.93        35
          58       0.67      0.91      0.78        34
          59       1.00      0.84      0.91        31
          60       0.82      0.90      0.86        31
          61       0.94      0.88      0.91        33
          62       1.00      0.97      0.98        31
          63       0.91      0.97      0.94        31
          64       0.81      0.81      0.81        31
          65       0.91      1.00      0.95        30
          66       0.78      1.00      0.88        32
          67       0.83      0.97      0.89        30
          68       0.90      0.88      0.89        32
          69       0.89      0.77      0.83        31
          70       0.97      0.97      0.97        30
          71       0.78      0.93      0.85        30
          72       1.00      0.84      0.91        31
          73       0.97      1.00      0.98        30
          74       0.79      1.00      0.88        30
          75       0.77      0.87      0.82        31
          76       0.51      0.94      0.66        31
          77       1.00      0.90      0.95        31
          78       0.97      0.91      0.94        34
          79       0.83      0.91      0.87        32
          80       0.40      0.81      0.54        31
          81       0.33      0.03      0.06        30
          82       0.87      0.87      0.87        30
          83       0.86      0.97      0.91        31
          84       0.88      0.97      0.92        31
          85       0.95      0.60      0.73        30
          86       0.77      0.97      0.86        37
          87       0.84      0.76      0.80        34
          88       0.89      0.93      0.91        44
          89       0.61      0.81      0.69        31
          90       0.96      0.66      0.78        41
          91       0.97      0.94      0.95        31
          92       0.88      0.94      0.91        32
          93       0.90      0.84      0.87        31
          94       1.00      0.91      0.95        32
          95       0.83      0.91      0.87        32
          96       1.00      0.97      0.99        34
          97       0.25      0.03      0.06        30
          98       0.85      0.92      0.88        36
          99       0.56      0.79      0.66        39
         100       0.93      0.87      0.90        30
         101       0.93      0.93      0.93        42
         102       1.00      0.88      0.93        40
         103       0.85      0.98      0.91        42
         104       0.92      0.90      0.91        39
         105       0.94      0.74      0.83        43
         106       0.98      0.98      0.98        44
         107       1.00      0.91      0.95        44
         108       1.00      0.97      0.99        40
         109       1.00      0.97      0.98        32
         110       1.00      0.94      0.97        31
         111       0.87      0.92      0.89        37
         112       0.88      0.90      0.89        31
         113       0.74      0.84      0.79        31
         114       0.70      0.68      0.69        31
         115       0.88      0.69      0.77        32
         116       1.00      0.97      0.98        31
         117       1.00      0.66      0.79        32
         118       1.00      0.90      0.95        30
         119       0.97      0.97      0.97        34

    accuracy                           0.86      4162
   macro avg       0.87      0.86      0.85      4162
weighted avg       0.87      0.86      0.86      4162

Confusion Matrix
./split/val\n02107908-Appenzeller\n02107908_24.jpg
0.9923409   :   (89, 'n02107908-Appenzeller')
0.0058305673   :   (87, 'n02107574-Greater_Swiss_Mountain_dog')
0.0010491634   :   (90, 'n02108000-EntleBucher')